function [PC] = PCcontrolledIntersectionsInfo(PC)
%Defines the intersections where PC control will be applied (only in the
%interior of the network)

%Id of controlled intersections (first row: 1-2, second row: 3-2, third row
%2-1, forth row 2-3) - 5th row: external 1, 6th row: ext 2, 7th row: ext 3 
PC.junctionsID = [ 46719, 20820, 45906, 45555, 45117, 44609, 44487, 44548, 0;...
    20876, 20663, 46191, 46846, 20612, 20988, 46947, 21171, 20856;...
    45152, 45331, 44494, 0, 44944, 0, 0, 0, 0;...
    46758, 20652, 46808, 46918, 0, 0, 0, 0, 0;...
    45884, 41892, 42360, 42325, 49180, 21047, 0, 0, 0;...
    19076, 0, 0, 0, 0, 0, 0, 0, 0;...
    19255, 23505, 20958, 0, 0, 0, 0, 0, 0];

%external origin Centroids for PC  
PC.extCentroidsReg{1} = [69099 69109 69113 69103 69089 69091 68999 69083 69062 ... 
                69081 69121 69123 69031 69087 69085 69065 69067 69069 ...
                69071 69073 69075 69079 69077 69140 69138 69142 68940];
PC.extCentroidsReg{2} = [68965 69095]; 
PC.extCentroidsReg{3} = [68945 69015 68947 69017 69019 68949 69111 ...
                    69136 69134 68981 68984 68987 69107 69115 ...
                    68951 69130 69132 68963 68957 69105 69021 69012 ...
                    68989 69117 69119 68967 68969 69101 68997 ... 
                    68994 68938 68991 69125 69127 69060 68955 ...
                    68959 68961 68953]; 


%Id of intersections that change at the same time (conjoint)
PC.junctionsIDco = [ 45926, 46498, 0, 0, 0, 0, 0, 0, 0; ...
    20842, 45963, 46785, 44852, 20633, 20998, 46961, 0, 20836;...
    45084, 0, 0, 0, 0, 0, 0, 0, 0;...
    46205, 20658, 46370, 45319, 0, 0, 0, 0, 0;...
    0,0,0,0,0,41116,0,0,0;...
    21109,0,0,0,0,0,0,0,0;...
    0,0,0,0,0,0,0,0,0];

%No of main stage that changes in this intersection (referring to movement
%i-j 
PC.stagePC = [ 3, 3, 1, 3, 2, 1, 1, 1, 0 ;...
    3, 3, 2, 2, 1, 4, 3, 4, 3 ;...
    3, 3, 1, 0, 3, 0, 0, 0, 0 ;...
    3, 3, 3, 3, 0, 0, 0, 0, 0;...
    1,1,5,1,1,3,0,0,0;...
    3,0,0,0,0,0,0,0,0;...
    1,1,1,0,0,0,0,0,0;];

%No of main stage for the conjoint intersection
PC.stagecoPC = [ 3, 3, 0, 0, 0, 0, 0, 0, 0;...
    3, 3, 5, 2, 1, 3, 3, 0, 3;...
    4, 0, 0, 0, 0, 0, 0, 0, 0;...
    3, 2, 3, 2, 0, 0, 0, 0, 0;...
    0,0,0,0,0,3,0,0,0;...
    3,0,0,0,0,0,0,0,0;...
    0,0,0,0,0,0,0,0,0;];

%Secondary stage that change (parallel movement) 
PC.stage2PC = [1, 1, 3, 1, 1, 3, 3, 3, 0;...
    1, 1, 4, 4, 3, 6, 5, 1, 1;...
    1, 1, 3, 0, 1, 0, 0, 0, 0;...
    1, 5, 1, 1, 0, 0, 0, 0, 0;...
    3,3,3,3,3,1,0,0,0;...
    1,0,0,0,0,0,0,0,0;...
    3,3,3,0,0,0,0,0,0;];

%Secondary stage of the conjoint intersection 
PC.stage2coPC = [1, 1, 0, 0, 0, 0, 0, 0, 0;...
    1, 1, 7, 4, 3, 7, 5, 0, 1;...
    1, 0, 0, 0, 0, 0, 0, 0, 0;...
    1, 4, 1, 3, 0, 0, 0, 0, 0;...
    0,0,0,0,0,1,0,0,0;...
    1,0,0,0,0,0,0,0,0;...
    0,0,0,0,0,0,0,0,0];

%Sum of assignable green of the two phases of the node  
PC.sum_greensPC = [ 82, 85, 85, 84, 70, 85, 85, 85, 0;...
    79, 82, 76, 74, 62, 61, 66, 57, 83;...
    75, 82, 85, 0, 85, 0, 0, 0, 0;...
    82, 70, 82, 57, 0, 0, 0, 0, 0;...
    85, 90, 44, 73, 48, 76, 0, 0, 0;...
    73, 0, 0, 0, 0, 0, 0, 0, 0;...
    85, 85, 62, 0, 0, 0, 0, 0, 0];

%Sum of assignable green for the conjoint  
PC.sum_greenscoPC = [85, 85, 0, 0, 0, 0, 0, 0, 0;...
    79, 82, 72, 85, 56, 65, 77, 0, 82;...
    75, 0, 0, 0, 0, 0, 0, 0, 0;...
    85, 82, 85, 65, 0, 0, 0, 0, 0;...
    0, 0, 0, 0, 0, 86, 0, 0, 0;...
    76, 0, 0, 0, 0, 0, 0, 0, 0;...
    0, 0, 0, 0, 0, 0, 0, 0, 0];

% Not used  --------------------- 
%Offsets of the nodes
%PC.offsetsPC = [ 54, 82, 30, 13, 38, 69, 45, 15; 0, 39, 41, 45, 90, 32, 67, 40;...
 %   1, 38, 58, 65, 12, 0, 0, 0; 24, 41, 27, 40, 0, 0, 0, 0];

%PC.satflow = [ 5400, 5400, 7200, 3600, 5400, 5400, 5400, 7200; 5400, 5400, 5400, 3600, 7200, 5400, 9000, 5400;...
%     5400, 7200, 5400, 3600, 5400, 0, 0, 0; 5400, 3600, 7200, 7200, 0, 0, 0, 0];

%PC.sum_satflow = [45000, 46800, 27000, 23400];

%Cycles of the nodes 
%PC.cyclePC = [91, 91, 91, 90, 91, 91, 91, 91; 91, 91, 91, 91, 91, 91, 91, 91;...
%    90, 91, 91, 91, 91, 0, 0, 0; 91, 91, 91, 91, 0, 0, 0, 0];

% PC.mingreen = [ 7, 1, 7, 7, 7, 7, 7, 7; 7, 7, 7, 7, 1, 7, 7, 7;...
%     7, 7, 7, 1, 7, 0, 0, 0; 7, 7, 7, 7, 0, 0, 0, 0];

% PC.maxgreen = [ 75, 67, 78, 77, 69, 78, 78, 78; 72, 75, 71, 73, 49, 54, 59, 45;...
%     74, 75, 78, 66, 78, 0, 0, 0;  75, 69, 75, 56, 0, 0, 0, 0];

%Initial green time of the main phases? 
%PC.initgreen = [39, 36, 50, 45, 32, 53, 42, 62; 29, 28, 24, 40, 25, 39, 47, 25;...
 %   34, 50, 42, 26, 44, 0, 0, 0; 33, 18, 26, 36, 0, 0, 0, 0];

return

