0.000000	1.000000	0.000000	
1.000000	0.000000	
0.111111	0.888889	0.000000	
0.840580	0.159420	0.000000	
1
1.000000	0.000000	
0	
1.000000	0.000000	
1.000000	0.000000	
1.000000	0.000000	
1.000000	0.000000	
0	
0	
1.000000	0.000000	
1
1
0.600000	0.400000	0.000000	
0.000000	1.000000	0.000000	
1.000000	0.000000	0.000000	
0.142857	0.857143	
0.166667	0.722222	0.111111	0.000000	
0	
0.000000	1.000000	0.000000	
0.066667	0.933333	0.000000	
0.000000	0.791667	0.208333	0.000000	
0.000000	0.000000	1.000000	
0.818182	0.181818	0.000000	
0	
0.000000	1.000000	0.000000	
0.200000	0.800000	0.000000	
1.000000	0.000000	
1.000000	0.000000	0.000000	
0.166667	0.666667	0.166667	0.000000	
0.000000	1.000000	0.000000	0.000000	
0.458333	0.375000	0.166667	0.000000	
1.000000	0.000000	
1.000000	0.000000	
0.000000	0.333333	0.666667	0.000000	
0.063830	0.936170	
0.000000	1.000000	0.000000	
1.000000	0.000000	0.000000	
0	0	
0.500000	0.500000	0.000000	
1.000000	0.000000	
1.000000	0.000000	
0	
0.000000	1.000000	0.000000	
1
0.785714	0.214286	0.000000	
1.000000	0.000000	
0.600000	0.000000	0.400000	0.000000	0.000000	
1.000000	0.000000	
0.425000	0.500000	0.075000	0.000000	
0	0	
1.000000	0.000000	
0.592593	0.407407	0.000000	
0.857143	0.142857	0.000000	
0.568627	0.431373	0.000000	
0.755102	0.244898	0.000000	
0.750000	0.250000	0.000000	
0.000000	1.000000	0.000000	
0.915663	0.084337	0.000000	
1.000000	0.000000	0.000000	
0.754717	0.245283	0.000000	
0.833333	0.166667	0.000000	
0.952381	0.047619	0.000000	
0	0	
0.529412	0.470588	0.000000	
0.120000	0.840000	0.040000	0.000000	
1.000000	0.000000	
1.000000	0.000000	
1.000000	0.000000	0.000000	
1.000000	0.000000	
0.062500	0.937500	0.000000	
0.663636	0.290909	0.045455	0.000000	
0.074074	0.925926	0.000000	
0.916667	0.083333	0.000000	
1.000000	0.000000	0.000000	
0.454545	0.545455	0.000000	
1.000000	0.000000	0.000000	
1.000000	0.000000	0.000000	
0.909091	0.090909	0.000000	
0.857143	0.142857	0.000000	
1.000000	0.000000	
0.000000	0.000000	1.000000	0.000000	
1.000000	0.000000	
0.200000	0.800000	0.000000	
0.934426	0.065574	0.000000	
0.171429	0.714286	0.114286	0.000000	
1.000000	0.000000	
0.944444	0.055556	0.000000	
1.000000	0.000000	0.000000	
1.000000	0.000000	0.000000	
0.928571	0.071429	0.000000	
0	0	0	
1.000000	0.000000	0.000000	
0.941176	0.058824	0.000000	0.000000	
0	
1.000000	0.000000	0.000000	
0.344828	0.620690	0.034483	0.000000	
0.166667	0.666667	0.166667	0.000000	
0.000000	0.571429	0.428571	0.000000	
0	
0.071429	0.928571	0.000000	0.000000	
0.500000	0.500000	0.000000	
0	
1.000000	0.000000	
0.367347	0.632653	0.000000	0.000000	
1.000000	0.000000	0.000000	
1.000000	0.000000	
1.000000	0.000000	
0.000000	1.000000	0.000000	
1.000000	0.000000	0.000000	
0.000000	1.000000	0.000000	0.000000	
0.000000	0.000000	1.000000	0.000000	
0	0	
0.952381	0.047619	0.000000	
0.000000	1.000000	0.000000	
1.000000	0.000000	0.000000	
0	
0	
1.000000	0.000000	0.000000	
0	0	
1
0	
1
0	
1.000000	0.000000	
1
1.000000	0.000000	
0.254717	0.745283	0.000000	
1.000000	0.000000	
1
1
0.000000	0.142857	0.857143	0.000000	
0.063063	0.873874	0.063063	
0.673469	0.326531	0.000000	0.000000	
0.629630	0.370370	0.000000	0.000000	
0	0	0	
0.000000	0.960000	0.000000	0.040000	
0	0	0	
1
0	
0	
1
1
0	0	0	
1
1
0	0	
1.000000	0.000000	0.000000	
0	
1
1.000000	0.000000	
1.000000	0.000000	
0	
1.000000	0.000000	
0.500000	0.500000	0.000000	
1.000000	0.000000	
0.954545	0.045455	0.000000	
1.000000	0.000000	
1.000000	0.000000	
0.666667	0.333333	0.000000	
1.000000	0.000000	
1.000000	0.000000	
0.060606	0.939394	0.000000	
0	
0.000000	1.000000	0.000000	
1.000000	0.000000	
0.467890	0.532110	0.000000	
0.000000	1.000000	0.000000	
0.438679	0.561321	0.000000	
0.000000	1.000000	0.000000	
0.181395	0.818605	0.000000	
0.205882	0.794118	0.000000	
1.000000	0.000000	
0.557143	0.442857	
1.000000	0.000000	
0.234043	0.765957	0.000000	
1
0.099125	0.900875	0.000000	
0.500000	0.500000	0.000000	
0.222222	0.777778	0.000000	
1.000000	0.000000	0.000000	
1.000000	0.000000	0.000000	
0.770833	0.229167	0.000000	
1
1.000000	0.000000	0.000000	
0.400000	0.600000	0.000000	
1
0.000000	1.000000	0.000000	
0.900000	0.100000	0.000000	
0.657807	0.342193	0.000000	
0.974359	0.025641	0.000000	
0.612903	0.387097	0.000000	
1
1
1
1
1.000000	0.000000	
1.000000	0.000000	
0.675000	0.325000	0.000000	
0.764706	0.235294	0.000000	
1
0.975610	0.024390	0.000000	
1
1
0.555556	0.444444	0.000000	
0.500000	0.500000	0.000000	
0.000000	1.000000	0.000000	
0.775610	0.224390	0.000000	
0.052980	0.947020	0.000000	
0.088608	0.911392	0.000000	
1
0.166667	0.433333	0.200000	0.200000	
0.304348	0.673913	0.021739	
0.333333	0.666667	0.000000	
1.000000	0.000000	
0.562189	0.437811	0.000000	
1.000000	0.000000	
0.583333	0.250000	0.166667	0.000000	
0.500000	0.500000	0.000000	
0.258065	0.741935	0.000000	
1.000000	0.000000	
1.000000	0.000000	
1.000000	0.000000	
1.000000	0.000000	
1.000000	0.000000	
1.000000	0.000000	
0.461538	0.461538	0.000000	0.076923	0.000000	
0.000000	0.627119	0.237288	0.135593	0.000000	
1
1
0.170732	0.829268	0.000000	
0.000000	1.000000	0.000000	0.000000	
1
1.000000	0.000000	
1
0	0	
1
1.000000	0.000000	
1
1.000000	0.000000	
1
1.000000	0.000000	
0.000000	0.058333	0.941667	
1.000000	0.000000	
0.294118	0.705882	0.000000	
0.000000	1.000000	0.000000	
0.000000	1.000000	0.000000	
0.032787	0.967213	0.000000	
0.275862	0.724138	0.000000	
0.000000	1.000000	0.000000	
0.992063	0.007937	0.000000	
0.811594	0.188406	0.000000	
0.750000	0.250000	0.000000	
0.014706	0.808824	0.176471	
1.000000	0.000000	0.000000	
0.123288	0.821918	0.054795	0.000000	
0.200000	0.800000	0.000000	
0.132653	0.867347	0.000000	
0.311475	0.688525	0.000000	
0.000000	1.000000	0.000000	
0.588235	0.274510	0.137255	0.000000	
0.055556	0.944444	0.000000	
0	0	
1.000000	0.000000	
1.000000	0.000000	
1.000000	0.000000	0.000000	
0.555556	0.333333	0.111111	0.000000	
0.862069	0.137931	0.000000	
0.000000	1.000000	0.000000	
0.031250	0.968750	0.000000	
1.000000	0.000000	0.000000	
0.000000	1.000000	0.000000	
0	
0.214286	0.785714	0.000000	
0.447368	0.552632	0.000000	
0.166667	0.833333	0.000000	
0.578313	0.000000	0.421687	
0.086957	0.847826	0.065217	
1
0.352941	0.647059	0.000000	
0.586957	0.000000	0.413043	0.000000	
1.000000	0.000000	
0.566667	0.433333	0.000000	
0.888889	0.111111	0.000000	
0.857143	0.142857	0.000000	0.000000	0.000000	
0.074257	0.000000	0.603960	0.084158	0.237624	0.000000	
0.206107	0.793893	0.000000	
0.547619	0.452381	0.000000	
0.908397	0.091603	0.000000	
0.583333	0.416667	0.000000	
0.000000	1.000000	0.000000	
1.000000	0.000000	
0	
0.850000	0.150000	0.000000	
0.890323	0.109677	0.000000	
1.000000	0.000000	
1.000000	0.000000	
1
1.000000	0.000000	0.000000	
0.784091	0.215909	0.000000	
0.948718	0.000000	0.051282	0.000000	
0.428571	0.571429	0.000000	
0.821429	0.178571	0.000000	
1.000000	0.000000	0.000000	
0.528571	0.471429	0.000000	
0.866071	0.133929	0.000000	
1.000000	0.000000	
1
0.661765	0.338235	0.000000	
0.884758	0.115242	0.000000	
1
0.285714	0.714286	0.000000	
1
0.138462	0.800000	0.061538	
0.500000	0.333333	0.166667	
0.000000	1.000000	0.000000	
0.857143	0.142857	0.000000	
0	0	
0.830986	0.169014	0.000000	
0.000000	1.000000	0.000000	
1.000000	0.000000	
0.285714	0.714286	0.000000	
1.000000	0.000000	
0.000000	1.000000	0.000000	
0.775000	0.125000	0.100000	0.000000	
0.333333	0.666667	0.000000	
1.000000	0.000000	
1.000000	0.000000	
1.000000	0.000000	
0.178571	0.821429	0.000000	
0.621951	0.378049	0.000000	
1
0.000000	1.000000	0.000000	
1.000000	0.000000	
0.888889	0.111111	0.000000	
0.350000	0.650000	0.000000	
1.000000	0.000000	
0.353448	0.517241	0.129310	0.000000	
0.000000	1.000000	0.000000	
0.000000	1.000000	0.000000	
1.000000	0.000000	
1.000000	0.000000	
1.000000	0.000000	
0.500000	0.500000	0.000000	
1.000000	0.000000	
1.000000	0.000000	
0.774194	0.225806	0.000000	
1.000000	0.000000	
0.263158	0.736842	0.000000	
0.857143	0.142857	0.000000	
0	0	
1.000000	0.000000	
0.285714	0.714286	0.000000	
1.000000	0.000000	
0.928571	0.071429	0.000000	
1.000000	0.000000	
0.434641	0.565359	0.000000	
0.600000	0.400000	0.000000	
0.607143	0.071429	0.000000	0.321429	
1.000000	0.000000	
0.000000	1.000000	0.000000	
0.250000	0.750000	0.000000	
0.461538	0.538462	0.000000	
1.000000	0.000000	
1.000000	0.000000	
1.000000	0.000000	
1.000000	0.000000	
0.222222	0.777778	0.000000	
0.000000	1.000000	0.000000	
0	
0.428571	0.571429	0.000000	
1
0	0	
1.000000	0.000000	
1.000000	0.000000	
1.000000	0.000000	
1.000000	0.000000	0.000000	
1.000000	0.000000	
0.613445	0.386555	0.000000	
1.000000	0.000000	0.000000	
0.476190	0.523810	0.000000	
1.000000	0.000000	
0.153846	0.846154	0.000000	
0	
1.000000	0.000000	0.000000	
1.000000	0.000000	
1.000000	0.000000	
1.000000	0.000000	
0.000000	1.000000	
1.000000	0.000000	
0.600000	0.333333	0.066667	0.000000	
0	
1.000000	0.000000	
1.000000	0.000000	
1.000000	0.000000	
0	
0.000000	1.000000	0.000000	
1.000000	0.000000	
1
1.000000	0.000000	
1.000000	0.000000	
0.000000	1.000000	0.000000	
1.000000	0.000000	
1.000000	0.000000	
1.000000	0.000000	
1.000000	0.000000	
1.000000	0.000000	
0.000000	1.000000	0.000000	
0.142857	0.857143	0.000000	
0	
1.000000	0.000000	
1.000000	0.000000	
1.000000	0.000000	
0	0	
0.340000	0.660000	0.000000	
1
0.090909	0.909091	0.000000	
0	0	0	
1
0	0	
1
0.045455	0.257576	0.696970	0.000000	
1.000000	0.000000	
1
1
0.000000	0.310345	0.689655	0.000000	
0	0	
0.000000	1.000000	0.000000	
1.000000	0.000000	
0.555556	0.444444	0.000000	
0.000000	1.000000	0.000000	
0.666667	0.333333	0.000000	
1.000000	0.000000	
1.000000	0.000000	
0.780000	0.220000	0.000000	
0.000000	1.000000	0.000000	
0.268966	0.731034	0.000000	
0.608333	0.391667	0.000000	
0.174825	0.314685	0.510490	
0.090090	0.909910	0.000000	
1.000000	0.000000	
0.000000	1.000000	0.000000	
1.000000	0.000000	
0.937500	0.062500	0.000000	
0.647059	0.352941	0.000000	
0.622951	0.377049	0.000000	
0.394737	0.605263	0.000000	
0.756757	0.243243	0.000000	
0.893130	0.106870	0.000000	
0.363636	0.636364	0.000000	
0.250000	0.750000	0.000000	
0.833333	0.166667	0.000000	
1.000000	0.000000	0.000000	
0	
0.000000	1.000000	0.000000	
0	
0.555556	0.444444	0.000000	
0.833333	0.166667	0.000000	
0.000000	1.000000	0.000000	
0.829787	0.170213	0.000000	
0.000000	0.804878	0.048780	0.146341	
0.196532	0.803468	0.000000	
0.538462	0.461538	0.000000	
0.141176	0.858824	0.000000	
0.000000	1.000000	0.000000	
0.458333	0.541667	0.000000	
0.000000	1.000000	0.000000	
0.643678	0.356322	0.000000	
0.076923	0.000000	0.000000	0.923077	0.000000	
1.000000	0.000000	0.000000	
0.000000	1.000000	0.000000	
0.000000	1.000000	0.000000	
0.916667	0.083333	0.000000	
0.314286	0.571429	0.114286	
0.900000	0.100000	0.000000	
0.492537	0.507463	0.000000	
0.666667	0.333333	0.000000	
0.000000	1.000000	0.000000	
0.433333	0.566667	0.000000	
0.784314	0.215686	0.000000	
0.304348	0.695652	0.000000	
0.607143	0.392857	0.000000	
0.211268	0.788732	0.000000	
0.930070	0.069930	0.000000	
0.739837	0.260163	0.000000	
0.000000	1.000000	0.000000	0.000000	
0.011364	0.988636	0.000000	
0.975000	0.025000	0.000000	
0.000000	1.000000	0.000000	
0.024691	0.975309	0.000000	
0.529412	0.470588	0.000000	
0.161202	0.838798	0.000000	
0.118280	0.881720	0.000000	
0.133333	0.866667	0.000000	
0.000000	1.000000	0.000000	
0.313433	0.686567	0.000000	
0.256410	0.153846	0.153846	0.435897	
0.852941	0.147059	0.000000	
0.796296	0.203704	0.000000	
0.591837	0.408163	0.000000	
1.000000	0.000000	0.000000	
0.054054	0.567568	0.378378	
0.578704	0.421296	0.000000	
0.823529	0.006536	0.169935	
0.044944	0.955056	0.000000	
0.979769	0.020231	0.000000	
0.421053	0.578947	0.000000	
1.000000	0.000000	0.000000	
0.250000	0.644737	0.105263	
0.000000	0.612903	0.161290	0.225806	
0.047170	0.952830	0.000000	
0.403509	0.596491	0.000000	
0.259259	0.740741	0.000000	
0.797101	0.202899	0.000000	
0.300000	0.512500	0.187500	
0.586538	0.413462	0.000000	
0.020173	0.121037	0.858790	0.000000	
0.000000	1.000000	0.000000	
0.986111	0.013889	0.000000	
0.005222	0.994778	0.000000	
0.612022	0.109290	0.278689	
0.081522	0.918478	0.000000	
0.994764	0.005236	0.000000	
1.000000	0.000000	0.000000	
0.125000	0.750000	0.125000	
0.774194	0.225806	0.000000	
0.380952	0.619048	0.000000	
0.937500	0.062500	0.000000	
0.192308	0.807692	0.000000	
1.000000	0.000000	0.000000	
0.121951	0.878049	0.000000	
0.964143	0.035857	0.000000	
0.021739	0.978261	0.000000	
0.752577	0.247423	0.000000	
0.000000	0.976190	0.023810	
0.260563	0.563380	0.176056	
0.128571	0.671429	0.200000	0.000000	
0.150685	0.849315	0.000000	
0.083333	0.916667	0.000000	
0.964286	0.035714	0.000000	
0.000000	1.000000	0.000000	
0.764706	0.117647	0.117647	
0.178082	0.821918	0.000000	
0.746479	0.084507	0.169014	0.000000	
0.150000	0.850000	0.000000	
0.200000	0.800000	0.000000	
1.000000	0.000000	0.000000	
0.000000	0.100000	0.900000	
0.370787	0.629213	0.000000	
0.038462	0.961538	0.000000	
0.897959	0.102041	0.000000	
0.213115	0.672131	0.114754	
0.961538	0.038462	0.000000	
0.000000	1.000000	0.000000	
0.949580	0.050420	0.000000	
0.910714	0.089286	0.000000	
0.387205	0.612795	0.000000	
0.387352	0.328063	0.284585	0.000000	
0.992593	0.007407	0.000000	
0.342105	0.657895	0.000000	
0.000000	0.782222	0.217778	0.000000	
0.997050	0.002950	0.000000	
0.002174	0.119565	0.015217	0.863043	
0.004237	0.995763	0.000000	
0.946746	0.053254	0.000000	
0.000000	1.000000	0.000000	
0.985577	0.014423	0.000000	
0.004367	0.995633	0.000000	
0.990654	0.009346	0.000000	
0.036496	0.883212	0.080292	0.000000	
0.018072	0.981928	0.000000	
0.819672	0.180328	0.000000	
0.259740	0.740260	0.000000	
1.000000	0.000000	0.000000	
0.568047	0.431953	0.000000	
0.590909	0.215909	0.193182	
0.112385	0.887615	0.000000	
0.098039	0.901961	0.000000	
0.988811	0.011189	0.000000	
0.116279	0.877907	0.005814	
0.957547	0.042453	0.000000	
0.059155	0.898592	0.042254	
0.914835	0.085165	0.000000	
0.000000	0.977528	0.022472	
0.027704	0.700528	0.271768	
0.043182	0.911364	0.045455	0.000000	
0.033654	0.966346	0.000000	
0.086957	0.721014	0.192029	
0.957265	0.042735	0.000000	
0.005128	0.994872	0.000000	
0.963303	0.036697	0.000000	
0.000000	1.000000	0.000000	
0.000000	0.100840	0.000000	0.899160	
0.750000	0.250000	0.000000	
0.000000	1.000000	0.000000	
0.978261	0.021739	0.000000	
0.692308	0.307692	0.000000	
0.132576	0.867424	0.000000	
1.000000	0.000000	
1.000000	0.000000	0.000000	
0.136986	0.863014	0.000000	
0.756098	0.243902	0.000000	
0.219512	0.780488	0.000000	
0.384615	0.000000	0.615385	
0.500000	0.500000	0.000000	
0.289855	0.710145	0.000000	
0.687500	0.312500	0.000000	
0.618182	0.327273	0.054545	
0.892857	0.107143	0.000000	
0.917431	0.082569	0.000000	
1.000000	0.000000	
0.190476	0.809524	0.000000	
0.000000	1.000000	0.000000	0.000000	
0.011494	0.988506	0.000000	
0.860465	0.139535	0.000000	
0.000000	0.920000	0.080000	
0.976744	0.023256	0.000000	
0.041667	0.958333	0.000000	
0.710843	0.289157	0.000000	
0.027027	0.797297	0.175676	0.000000	
0.012048	0.915663	0.072289	
0.896552	0.103448	0.000000	
0.088889	0.911111	0.000000	
0.009091	0.081818	0.900000	0.009091	0.000000	
0.193939	0.806061	0.000000	
0.928058	0.071942	0.000000	
0.460699	0.539301	0.000000	
0.799213	0.200787	0.000000	
0.488673	0.511327	0.000000	
1.000000	0.000000	
0.437247	0.562753	0.000000	
1.000000	0.000000	
0.592593	0.407407	0.000000	
0.108108	0.891892	0.000000	
0.874286	0.125714	0.000000	
0.268414	0.731586	0.000000	
1.000000	0.000000	
0.758065	0.241935	0.000000	
0.572770	0.427230	0.000000	
0.066667	0.933333	0.000000	
0.307692	0.692308	0.000000	
1.000000	0.000000	
1.000000	0.000000	0.000000	
1.000000	0.000000	
0.377778	0.488889	0.133333	
0.478261	0.521739	0.000000	
0.108108	0.648649	0.243243	
0.960000	0.040000	0.000000	
0.466667	0.533333	0.000000	
0.400000	0.080000	0.520000	
0.547170	0.216981	0.235849	
0.000000	1.000000	0.000000	
0.913043	0.086957	0.000000	
0.000000	1.000000	0.000000	
0.430000	0.570000	0.000000	
0.757143	0.242857	0.000000	
0.129496	0.093525	0.776978	
0.325581	0.674419	0.000000	
0.850000	0.150000	0.000000	
0.606061	0.272727	0.121212	
0.000000	1.000000	0.000000	
1.000000	0.000000	
0	
0.000000	1.000000	0.000000	
0	0	
0.613636	0.386364	0.000000	
0.519084	0.480916	0.000000	
0.614286	0.371429	0.014286	
0.608696	0.391304	0.000000	
0.125000	0.875000	0.000000	
1.000000	0.000000	0.000000	
0.135135	0.432432	0.432432	0.000000	
0.410256	0.589744	0.000000	
1.000000	0.000000	
0.100000	0.900000	0.000000	
0.920635	0.079365	0.000000	
0.016949	0.983051	0.000000	
0.900000	0.016667	0.083333	
0.114035	0.666667	0.070175	0.149123	0.000000	
0.013333	0.986667	0.000000	
0.927928	0.072072	0.000000	
0.224490	0.775510	0.000000	
0.963415	0.036585	0.000000	
0.015748	0.984252	0.000000	
0.887097	0.112903	0.000000	
0.173913	0.826087	0.000000	
0.500000	0.500000	0.000000	0.000000	
0.313433	0.537313	0.149254	
0.108108	0.891892	0.000000	
0.636364	0.363636	0.000000	
0.230769	0.769231	0.000000	
0.043478	0.956522	0.000000	
0.362319	0.637681	0.000000	
0.000000	0.405941	0.495050	0.099010	0.000000	
0.600000	0.400000	0.000000	
0.333333	0.666667	0.000000	
0.055556	0.944444	0.000000	
0.000000	0.900000	0.100000	0.000000	0.000000	0.000000	
0.743902	0.256098	0.000000	
0.094017	0.905983	0.000000	
0.785714	0.214286	0.000000	
0.009852	0.990148	0.000000	
0.027778	0.972222	0.000000	
0.113636	0.886364	0.000000	
0.239130	0.760870	0.000000	
1.000000	0.000000	0.000000	
0.013333	0.986667	0.000000	
0.959184	0.040816	0.000000	
0.000000	1.000000	0.000000	
0.779412	0.220588	0.000000	
0.534884	0.465116	0.000000	
0.950000	0.050000	0.000000	0.000000	
0.483333	0.516667	0.000000	
0.596639	0.403361	0.000000	
0.220339	0.423729	0.355932	
0.715000	0.285000	0.000000	
0.014599	0.985401	0.000000	
0.724551	0.275449	0.000000	
0.170068	0.829932	0.000000	
1.000000	0.000000	
0.880952	0.119048	0.000000	
0.250000	0.750000	0.000000	
0.093750	0.906250	0.000000	
1.000000	0.000000	0.000000	
0.000000	1.000000	0.000000	
0.303030	0.560606	0.136364	
0.000000	0.225000	0.775000	0.000000	0.000000	
0.085714	0.914286	0.000000	
0.851852	0.148148	0.000000	
0.075949	0.303797	0.620253	
0.046512	0.953488	0.000000	
0.006711	0.993289	0.000000	
0.168539	0.404494	0.426966	
0.000000	1.000000	0.000000	
0.000000	0.869565	0.130435	
0.629630	0.370370	0.000000	
0	
1.000000	0.000000	
1.000000	0.000000	
0.500000	0.500000	0.000000	
0.148438	0.757813	0.093750	
0.823529	0.176471	0.000000	
0.172840	0.827160	0.000000	
0.062500	0.937500	0.000000	
0.135135	0.513514	0.351351	
0.941176	0.058824	0.000000	
0.857143	0.142857	0.000000	
0.032258	0.677419	0.290323	
0.055556	0.944444	0.000000	
0.520000	0.480000	0.000000	
0.142157	0.857843	0.000000	
1.000000	0.000000	
0.000000	1.000000	0.000000	
0.920000	0.080000	0.000000	
0.871212	0.128788	0.000000	
0.043478	0.534161	0.422360	
0.902439	0.097561	0.000000	
0.687075	0.312925	0.000000	
0.500000	0.500000	0.000000	
0.413793	0.327586	0.258621	
0.010870	0.989130	0.000000	
0.597403	0.402597	0.000000	
0.069767	0.930233	0.000000	
0.909091	0.000000	0.090909	
0.000000	1.000000	0.000000	
0.466667	0.533333	0.000000	
0.186441	0.220339	0.593220	
1.000000	0.000000	
0.033333	0.966667	0.000000	
0.555556	0.444444	0.000000	
0.937500	0.062500	0.000000	
0.107143	0.892857	0.000000	
0.214286	0.785714	0.000000	
0.500000	0.187500	0.312500	
0.000000	1.000000	0.000000	
0.222222	0.777778	0.000000	
0.311475	0.573770	0.114754	
0.618182	0.163636	0.218182	
1.000000	0.000000	
0.835526	0.164474	0.000000	
0.139535	0.860465	0.000000	
0.953846	0.046154	0.000000	
0.151515	0.818182	0.030303	
0.947368	0.052632	0.000000	
1.000000	0.000000	0.000000	
0.028689	0.290984	0.680328	
0.382609	0.521739	0.095652	0.000000	
0.077778	0.922222	0.000000	
0.710843	0.084337	0.204819	
0.000000	1.000000	0.000000	
0.017544	0.982456	0.000000	
0.166667	0.833333	0.000000	
0.000000	1.000000	0.000000	
0.962963	0.037037	0.000000	
0.166667	0.833333	0.000000	
0.427083	0.572917	0.000000	
0.783784	0.216216	0.000000	
0.041667	0.958333	0.000000	
0.174312	0.825688	0.000000	
0.328358	0.537313	0.134328	
0.343284	0.656716	0.000000	
0.531250	0.468750	0.000000	
0.921053	0.078947	0.000000	
0.016129	0.983871	0.000000	
0.944444	0.055556	0.000000	
0.000000	1.000000	0.000000	
0.851852	0.148148	0.000000	
0.282895	0.697368	0.019737	
0.016393	0.983607	0.000000	
0.283019	0.716981	0.000000	
0.095890	0.260274	0.643836	
0.941176	0.058824	0.000000	
0.200000	0.800000	0.000000	
0.900000	0.100000	0.000000	
0.363636	0.636364	0.000000	
0.611111	0.388889	0.000000	
0.260870	0.739130	0.000000	
1.000000	0.000000	
0.272727	0.727273	0.000000	
1.000000	0.000000	
0.039735	0.960265	0.000000	
0.941296	0.058704	0.000000	
0.059102	0.940898	0.000000	
0.008955	0.701493	0.289552	
0.930403	0.032967	0.036630	
0.241611	0.758389	0.000000	
0.719424	0.025180	0.255396	
0.244253	0.755747	0.000000	
0.058394	0.773723	0.167883	0.000000	
0.627119	0.372881	0.000000	
0.000000	0.807692	0.192308	
0.640000	0.360000	0.000000	
1.000000	0.000000	0.000000	
0.000000	0.902439	0.097561	
0.608696	0.391304	0.000000	
0.515152	0.484848	0.000000	
0.516667	0.483333	0.000000	
0.000000	1.000000	0.000000	
0.257143	0.742857	0.000000	
0.183333	0.816667	0.000000	
0.176471	0.823529	0.000000	
0.205128	0.794872	0.000000	
0.548387	0.451613	0.000000	
0.510204	0.489796	0.000000	
0.914286	0.085714	0.000000	
0.366667	0.633333	0.000000	
0.725352	0.274648	0.000000	
0.752066	0.247934	0.000000	
0.989362	0.010638	0.000000	
0.400000	0.600000	0.000000	
0.791045	0.104478	0.104478	
0.426471	0.573529	0.000000	
0.216216	0.783784	0.000000	
0.169355	0.830645	0.000000	
0.577778	0.088889	0.333333	
0.677419	0.322581	0.000000	
0.809524	0.190476	0.000000	
0.888889	0.111111	0.000000	
1.000000	0.000000	0.000000	
0.500000	0.500000	0.000000	
0.264706	0.735294	0.000000	
0.000000	1.000000	0.000000	
0	0	
0.333333	0.666667	0.000000	
0.930556	0.069444	0.000000	
0.977778	0.022222	0.000000	
1.000000	0.000000	0.000000	
0.500000	0.500000	0.000000	
1.000000	0.000000	0.000000	
0.400000	0.000000	0.600000	
0.494253	0.505747	0.000000	
1.000000	0.000000	0.000000	
0.705882	0.294118	0.000000	
0.800000	0.200000	0.000000	
0.368421	0.421053	0.210526	
1.000000	0.000000	0.000000	
0.012048	0.987952	0.000000	
0.108696	0.891304	0.000000	
0.908163	0.091837	0.000000	
0.083333	0.916667	0.000000	
0.600000	0.400000	0.000000	
0.671642	0.328358	0.000000	
0.487179	0.512821	0.000000	
0.166667	0.833333	0.000000	
0.437500	0.562500	0.000000	
0.303030	0.696970	0.000000	
0.000000	0.761905	0.000000	0.238095	0.000000	
0.827586	0.172414	0.000000	
1.000000	0.000000	
0.230769	0.000000	0.769231	0.000000	
0.543147	0.456853	0.000000	
0.400000	0.600000	0.000000	
0.810345	0.189655	
1.000000	0.000000	
0.266667	0.733333	0.000000	
0.020000	0.260000	0.720000	
0.126984	0.873016	0.000000	
1.000000	0.000000	
1.000000	0.000000	
0.510417	0.489583	0.000000	
1.000000	0.000000	0.000000	
0.625000	0.375000	0.000000	
0.333333	0.666667	0.000000	
0.166667	0.833333	0.000000	
0.555556	0.444444	0.000000	
0.666667	0.333333	0.000000	
0.416667	0.083333	0.500000	
0.000000	0.755725	0.122137	0.122137	0.000000	
0.132353	0.867647	0.000000	
0.500000	0.500000	0.000000	
0.772727	0.227273	0.000000	
0.850000	0.150000	0.000000	
0.735294	0.264706	0.000000	
0.000000	0.120000	0.880000	0.000000	0.000000	0.000000	
0.913043	0.086957	0.000000	
0.000000	0.000000	1.000000	
1.000000	0.000000	0.000000	
0.564103	0.435897	0.000000	
1.000000	0.000000	
0.929487	0.070513	0.000000	
0.303030	0.696970	0.000000	
0.890756	0.109244	0.000000	
0.239437	0.760563	0.000000	
0.695652	0.291304	0.013043	
0.973214	0.026786	0.000000	
0.493827	0.506173	0.000000	
0.058824	0.029412	0.000000	0.911765	
0.000000	1.000000	0.000000	
0.000000	0.604651	0.395349	
1.000000	0.000000	0.000000	
1
0.303030	0.564738	0.132231	
0.581967	0.418033	0.000000	
0.675439	0.324561	0.000000	
0.355634	0.644366	0.000000	
0.412162	0.587838	0.000000	0.000000	0.000000	
0.000000	1.000000	0.000000	
0.336000	0.664000	0.000000	
0.823944	0.176056	0.000000	
0.000000	1.000000	0.000000	
0.285714	0.595238	0.119048	
0.637037	0.362963	0.000000	
0.538462	0.230769	0.230769	0.000000	
1.000000	0.000000	
0.933333	0.066667	0.000000	
1.000000	0.000000	
0.020000	0.980000	0.000000	
0.735294	0.264706	0.000000	
0.875000	0.125000	0.000000	
0.315217	0.641304	0.043478	
0.936709	0.063291	0.000000	
0.590000	0.410000	0.000000	
1.000000	0.000000	
0.366667	0.633333	0.000000	
0.429412	0.570588	0.000000	
1.000000	0.000000	
0.978610	0.021390	0.000000	
1.000000	0.000000	
1.000000	0.000000	
1.000000	0.000000	
0	
1.000000	0.000000	
1.000000	0.000000	
1.000000	0.000000	
0.454545	0.545455	
1.000000	0.000000	
0.500000	0.500000	0.000000	
0.750000	0.250000	0.000000	
0.833333	0.166667	0.000000	
0.495726	0.504274	0.000000	
0.418182	0.036364	0.545455	
1.000000	0.000000	0.000000	
1.000000	0.000000	
0.871186	0.128814	0.000000	
0.264463	0.735537	0.000000	
0.111111	0.888889	0.000000	
1.000000	0.000000	
1.000000	0.000000	
1.000000	0.000000	
1.000000	0.000000	
1.000000	0.000000	
1.000000	0.000000	
0.888889	0.111111	0.000000	
0.533333	0.466667	0.000000	
0.617647	0.382353	0.000000	
0.136364	0.863636	0.000000	
0.571429	0.428571	0.000000	
0.526316	0.473684	0.000000	
0.416667	0.583333	0.000000	
0.176471	0.823529	0.000000	
0.574074	0.425926	0.000000	
0.944444	0.055556	0.000000	
0.875000	0.125000	0.000000	
0.470588	0.529412	0.000000	
1.000000	0.000000	0.000000	
0.076923	0.923077	0.000000	
0.333333	0.666667	0.000000	
0.518519	0.481481	0.000000	
0.307692	0.692308	0.000000	
0.631579	0.368421	0.000000	
0.473684	0.526316	0.000000	
0.043860	0.956140	0.000000	
1.000000	0.000000	
1.000000	0.000000	
1.000000	0.000000	
0.666667	0.333333	0.000000	
1.000000	0.000000	
1.000000	0.000000	
0.363636	0.636364	0.000000	
0.966667	0.033333	0.000000	
1.000000	0.000000	
1.000000	0.000000	
0.666667	0.333333	0.000000	
0.930233	0.069767	
0.465116	0.534884	0.000000	
0.972656	0.027344	0.000000	
1.000000	0.000000	
0.444444	0.555556	0.000000	
1.000000	0.000000	
1.000000	0.000000	
1.000000	0.000000	
1.000000	0.000000	
1.000000	0.000000	
0.887097	0.112903	0.000000	
0.968254	0.031746	0.000000	
0	
1.000000	0.000000	
0	
0.000000	0.062500	0.937500	
0.454545	0.545455	0.000000	
1.000000	0.000000	
0.066667	0.933333	0.000000	
0.190476	0.809524	0.000000	
1.000000	0.000000	
0.048611	0.951389	0.000000	
1.000000	0.000000	
0.384615	0.230769	0.384615	0.000000	
0.777778	0.222222	0.000000	
0.500000	0.500000	0.000000	
0.100000	0.900000	0.000000	
0.100000	0.900000	0.000000	
0.936709	0.063291	0.000000	
1.000000	0.000000	
0.210526	0.789474	0.000000	
0.000000	1.000000	0.000000	
0.647059	0.352941	0.000000	
0.825112	0.174888	0.000000	
0.117647	0.882353	0.000000	
0.442953	0.557047	0.000000	
1.000000	0.000000	
0.076503	0.923497	0.000000	
0.848485	0.151515	0.000000	
0.000000	1.000000	0.000000	
0.000000	0.859649	0.140351	0.000000	
0.457143	0.542857	0.000000	
0.172414	0.827586	0.000000	
0.600000	0.400000	0.000000	
0.000000	1.000000	0.000000	
0.815603	0.134752	0.049645	
0.234848	0.765152	0.000000	
0.669492	0.330508	0.000000	
1.000000	0.000000	0.000000	
0.500000	0.500000	0.000000	
0.117647	0.352941	0.529412	0.000000	
0.042553	0.957447	0.000000	
0.000000	0.457627	0.542373	0.000000	
1.000000	0.000000	
0.349693	0.392638	0.257669	
0.047170	0.566038	0.386792	
1.000000	0.000000	0.000000	
0.611111	0.388889	0.000000	0.000000	
0.000000	0.040359	0.470852	0.488789	0.000000	
0.666667	0.333333	0.000000	
0.071429	0.928571	0.000000	
1.000000	0.000000	0.000000	
0.485714	0.514286	0.000000	
0.000000	0.888889	0.111111	
0.989950	0.010050	0.000000	
1.000000	0.000000	0.000000	
0.000000	0.029630	0.392593	0.577778	0.000000	
0.000000	1.000000	0.000000	
0.264706	0.735294	0.000000	
0.406250	0.593750	0.000000	
0.289474	0.710526	0.000000	
0.129032	0.870968	0.000000	
0.866667	0.133333	0.000000	
0.155556	0.844444	0.000000	
0.222222	0.666667	0.000000	0.111111	0.000000	
0.000000	1.000000	0.000000	
1
0.152542	0.847458	0.000000	
1
0.123894	0.876106	0.000000	
0.055556	0.944444	0.000000	
1.000000	0.000000	0.000000	
0.567568	0.432432	0.000000	
0.891156	0.108844	0.000000	
0.583333	0.416667	0.000000	
0.222222	0.777778	0.000000	0.000000	
0.103093	0.896907	0.000000	
0.090909	0.909091	0.000000	
0.015152	0.878788	0.106061	
0.696203	0.303797	0.000000	
0.518519	0.481481	0.000000	
0.866071	0.089286	0.044643	
0.069231	0.930769	0.000000	
0.000000	1.000000	0.000000	
1.000000	0.000000	0.000000	
0.166667	0.833333	0.000000	
0.900000	0.100000	0.000000	
0.000000	1.000000	0.000000	
0.929293	0.070707	0.000000	
0.200000	0.800000	0.000000	
1.000000	0.000000	0.000000	
0.769231	0.230769	0.000000	
1.000000	0.000000	0.000000	
1.000000	0.000000	
0.000000	1.000000	0.000000	
0.692308	0.307692	0.000000	
0.107438	0.884298	0.008264	0.000000	
0.123457	0.876543	0.000000	
0.830189	0.169811	0.000000	
0.000000	0.451807	0.548193	
1.000000	0.000000	
1.000000	0.000000	
0.233010	0.766990	0.000000	
0.228916	0.771084	0.000000	
0.000000	1.000000	0.000000	
0.200000	0.800000	0.000000	
0.266667	0.733333	0.000000	
0.142857	0.857143	0.000000	
0.447368	0.552632	0.000000	
1.000000	0.000000	
1.000000	0.000000	0.000000	
0.074074	0.925926	0.000000	
0.750000	0.250000	0.000000	
1.000000	0.000000	0.000000	
1.000000	0.000000	
0.600000	0.400000	
0.263158	0.736842	0.000000	
0.400000	0.000000	0.600000	
0.000000	1.000000	0.000000	
0.127451	0.507353	0.365196	0.000000	
1.000000	0.000000	
0.736264	0.263736	0.000000	
0.000000	1.000000	
0.000000	0.000000	1.000000	
0.102564	0.000000	0.897436	0.000000	
0.017699	0.982301	0.000000	
0.603239	0.396761	0.000000	
0.008889	0.991111	0.000000	
0.989882	0.010118	0.000000	
0.004673	0.995327	0.000000	
0.811765	0.188235	0.000000	
0.555556	0.222222	0.222222	0.000000	
0.869565	0.130435	0.000000	
1.000000	0.000000	
0.562212	0.285714	0.152074	
0.147826	0.739130	0.113043	0.000000	
0.565217	0.347826	0.086957	0.000000	
0.550000	0.450000	0.000000	
0.920000	0.080000	0.000000	
0	0	
1.000000	0.000000	
0	0	
1.000000	0.000000	
1.000000	0.000000	0.000000	
0.384615	0.615385	0.000000	
0.985294	0.014706	0.000000	
0.967742	0.032258	
0.894737	0.105263	
1.000000	0.000000	0.000000	
1.000000	0.000000	0.000000	
0.289941	0.710059	0.000000	
0.307692	0.692308	0.000000	
1.000000	0.000000	
0.375000	0.625000	0.000000	
0.303030	0.696970	0.000000	
1.000000	0.000000	
0.764706	0.235294	0.000000	
0	
1.000000	0.000000	0.000000	
1.000000	0.000000	
0.640000	0.360000	0.000000	
0.000000	1.000000	0.000000	
0.833333	0.166667	0.000000	
0.618182	0.381818	0.000000	
0.838710	0.161290	0.000000	
0.000000	1.000000	0.000000	
0.750000	0.250000	0.000000	
0.866667	0.133333	0.000000	
0.000000	1.000000	0.000000	
0.954545	0.045455	0.000000	
0	0	
0.666667	0.333333	0.000000	
1.000000	0.000000	
1.000000	0.000000	
1.000000	0.000000	
0.418269	0.581731	0.000000	
0.063253	0.936747	0.000000	
0.500000	0.500000	0.000000	
0.020833	0.979167	0.000000	
1.000000	0.000000	
0	0	0	
0.057692	0.942308	0.000000	
1.000000	0.000000	0.000000	
0.550000	0.450000	0.000000	0.000000	
0.387755	0.612245	0.000000	0.000000	
1.000000	0.000000	0.000000	
0.478261	0.521739	0.000000	
0.076503	0.923497	0.000000	
0.833333	0.055556	0.111111	0.000000	
0.250000	0.750000	0.000000	
0.706897	0.068966	0.224138	0.000000	
0.590909	0.409091	0.000000	
0.750000	0.000000	0.250000	0.000000	
0.782609	0.217391	0.000000	
1.000000	0.000000	
0.517241	0.465517	0.017241	0.000000	0.000000	
0.857143	0.142857	0.000000	
1.000000	0.000000	
0.666667	0.333333	0.000000	
0.000000	1.000000	0.000000	
0.280000	0.720000	0.000000	0.000000	
1.000000	0.000000	
1.000000	0.000000	0.000000	
0.055556	0.944444	0.000000	
0.000000	0.777778	0.222222	0.000000	
1.000000	0.000000	
0.769231	0.230769	0.000000	
0.382353	0.617647	0.000000	
0.432432	0.567568	0.000000	
1.000000	0.000000	0.000000	0.000000	
0.327586	0.672414	0.000000	
0.194357	0.805643	0.000000	
0.000000	0.785714	0.214286	0.000000	
0.222222	0.777778	0.000000	
0.112903	0.887097	0.000000	
0.960000	0.040000	0.000000	0.000000	
0.800000	0.200000	0.000000	
1.000000	0.000000	
1.000000	0.000000	
0.727273	0.272727	0.000000	
0.111111	0.777778	0.000000	0.111111	0.000000	
0.105263	0.894737	0.000000	
0.166667	0.833333	0.000000	
0.114286	0.885714	0.000000	
0.684211	0.315789	0.000000	
0.250000	0.750000	0.000000	0.000000	
0.338521	0.661479	0.000000	
0.714286	0.285714	0.000000	0.000000	
0.500000	0.500000	0.000000	
0.685714	0.285714	0.028571	0.000000	
1.000000	0.000000	
0.428571	0.571429	0.000000	
0.000000	1.000000	0.000000	
0.555556	0.444444	0.000000	
1.000000	0.000000	
0.607143	0.357143	0.000000	0.035714	0.000000	
0.028571	0.971429	0.000000	
0	0	
0.011236	0.988764	0.000000	
1.000000	0.000000	0.000000	
0.000000	0.714286	0.000000	0.000000	0.285714	
1.000000	0.000000	
0.600000	0.400000	0.000000	
1.000000	0.000000	
0.333333	0.666667	0.000000	
0	
1.000000	0.000000	
1.000000	0.000000	
0.000000	1.000000	0.000000	
0.285714	0.714286	0.000000	
0.125000	0.875000	0.000000	
0.578947	0.421053	0.000000	
0.000000	1.000000	0.000000	
1.000000	0.000000	
0.857143	0.142857	0.000000	
1.000000	0.000000	0.000000	
0.350877	0.649123	0.000000	
0.666667	0.333333	0.000000	
0.833333	0.166667	0.000000	
1.000000	0.000000	
1.000000	0.000000	
1.000000	0.000000	0.000000	
1.000000	0.000000	
0.717391	0.282609	0.000000	
1.000000	0.000000	
0.200000	0.800000	0.000000	
0.534483	0.465517	0.000000	
0.109091	0.890909	0.000000	
0.688889	0.311111	0.000000	
0.113208	0.000000	0.886792	0.000000	
1.000000	0.000000	
1.000000	0.000000	
1.000000	0.000000	
0.750000	0.250000	0.000000	
0.339623	0.660377	0.000000	
1
0.600000	0.400000	0.000000	
1
1
1
1.000000	0.000000	
1
1
0.000000	0.000000	0.250000	0.551282	0.198718	0.000000	
1
0	
0.339623	0.660377	0.000000	
1
1
0.000000	0.131579	0.868421	0.000000	
0	0	
1
1.000000	0.000000	0.000000	
1
0.000000	0.843750	0.156250	0.000000	
1
1
1.000000	0.000000	
0.450000	0.550000	0.000000	
1
1.000000	0.000000	
1.000000	0.000000	
1.000000	0.000000	
1.000000	0.000000	
1
1
0.640000	0.360000	0.000000	
0.000000	1.000000	0.000000	
1.000000	0.000000	
0.000000	0.500000	0.500000	
0.000000	1.000000	0.000000	
1
0.823529	0.176471	0.000000	
0.459459	0.540541	0.000000	
1
0.391304	0.608696	0.000000	
0.062500	0.937500	0.000000	
0.000000	0.000000	0.880000	0.040000	0.080000	0.000000	
1.000000	0.000000	
1
0.421053	0.000000	0.578947	0.000000	
1.000000	0.000000	
1.000000	0.000000	
1.000000	0.000000	
0.781250	0.218750	0.000000	
0.005168	0.847545	0.147287	0.000000	0.000000	0.000000	
1
0	
1
1.000000	0.000000	
1.000000	0.000000	
0.197531	0.802469	0.000000	
0.717472	0.282528	0.000000	
1.000000	0.000000	
1.000000	0.000000	
1.000000	0.000000	
1.000000	0.000000	
1.000000	0.000000	
1
0.444444	0.555556	0.000000	
0.101142	0.898858	0.000000	
0.315789	0.684211	0.000000	
1.000000	0.000000	
1.000000	0.000000	
0.064000	0.936000	0.000000	
1.000000	0.000000	
0.000000	0.204380	0.795620	0.000000	
1
1
0.275862	0.724138	0.000000	0.000000	
1.000000	0.000000	
1.000000	0.000000	
1.000000	0.000000	
1.000000	0.000000	
0.104167	0.895833	0.000000	
0.011450	0.988550	0.000000	
0.172131	0.827869	0.000000	
0.222222	0.777778	0.000000	
0.630303	0.369697	0.000000	
1.000000	0.000000	
0.533333	0.466667	0.000000	
1.000000	0.000000	
1.000000	0.000000	
1.000000	0.000000	
1.000000	0.000000	
1
1.000000	0.000000	
1
1
0.000000	1.000000	0.000000	
0.041667	0.958333	0.000000	
1.000000	0.000000	
0.047619	0.952381	0.000000	
0.000000	1.000000	0.000000	
0.000000	1.000000	0.000000	
1.000000	0.000000	
0.087719	0.912281	0.000000	
0.826667	0.173333	0.000000	
1.000000	0.000000	
0.097257	0.902743	0.000000	
1.000000	0.000000	
0.032258	0.548387	0.419355	
0.117021	0.234043	0.648936	0.000000	
1.000000	0.000000	
0.139535	0.488372	0.372093	0.000000	
1.000000	0.000000	
1.000000	0.000000	
0.000000	0.177778	0.822222	0.000000	
0.900000	0.100000	0.000000	
0.076923	0.923077	0.000000	
0.010638	0.989362	0.000000	
0.324675	0.675325	0.000000	
0.000000	0.454545	0.545455	
0.500000	0.500000	0.000000	
1.000000	0.000000	
1.000000	0.000000	
0.336634	0.663366	0.000000	
0.993750	0.006250	0.000000	
1.000000	0.000000	
0.780952	0.219048	0.000000	
0.114094	0.885906	0.000000	
1.000000	0.000000	
1.000000	0.000000	
0.047619	0.952381	0.000000	
0.111111	0.888889	0.000000	
0.142857	0.857143	0.000000	
0.666667	0.333333	0.000000	
1.000000	0.000000	
1.000000	0.000000	
0	0	
0.861461	0.138539	0.000000	
0.916667	0.083333	0.000000	
1.000000	0.000000	
1.000000	0.000000	
1.000000	0.000000	
1.000000	0.000000	
0.188976	0.811024	0.000000	
1.000000	0.000000	
0.000000	0.022388	0.977612	
1.000000	0.000000	
1.000000	0.000000	0.000000	
0.625000	0.375000	0.000000	
1.000000	0.000000	
0.170213	0.829787	0.000000	
0.005814	0.901163	0.093023	0.000000	
0.681818	0.318182	0.000000	
0.066667	0.266667	0.666667	0.000000	
1
0.448889	0.551111	0.000000	
0.157143	0.828571	0.014286	0.000000	
1.000000	0.000000	
0.858824	0.141176	0.000000	
0.542254	0.457746	0.000000	
0.117647	0.882353	0.000000	
0.509317	0.229814	0.260870	0.000000	
1.000000	0.000000	
1.000000	0.000000	
1.000000	0.000000	
0.175439	0.315789	0.508772	0.000000	
1.000000	0.000000	
1.000000	0.000000	
1.000000	0.000000	
0.500000	0.500000	0.000000	0.000000	
0.026316	0.973684	0.000000	
1
0.174603	0.190476	0.301587	0.333333	0.000000	
0.171429	0.000000	0.828571	0.000000	
1
1.000000	0.000000	
0.000000	1.000000	0.000000	
0.843137	0.156863	0.000000	
1.000000	0.000000	
1.000000	0.000000	
1.000000	0.000000	
0.000000	1.000000	0.000000	
0.000000	1.000000	0.000000	
0	
1.000000	0.000000	
1.000000	0.000000	
0.719665	0.280335	0.000000	
1
0.000000	1.000000	0.000000	
0.123077	0.876923	0.000000	
0.902439	0.097561	0.000000	
1
0.117647	0.882353	0.000000	
0.500000	0.500000	0.000000	
1.000000	0.000000	
0.000000	1.000000	0.000000	
1.000000	0.000000	
1.000000	0.000000	0.000000	
1.000000	0.000000	
1.000000	0.000000	
1.000000	0.000000	
1.000000	0.000000	0.000000	
0.130769	0.184615	0.684615	0.000000	
1.000000	0.000000	
0	
1
0.240000	0.760000	0.000000	
0.993377	0.006623	0.000000	
0.666667	0.236111	0.097222	
0.228571	0.771429	0.000000	
0.388889	0.611111	0.000000	
0.187500	0.812500	0.000000	
1.000000	0.000000	0.000000	
0.144330	0.855670	0.000000	
0.666667	0.333333	0.000000	
0.877551	0.122449	0.000000	
0.000000	1.000000	0.000000	
1.000000	0.000000	
1.000000	0.000000	
0.733333	0.266667	0.000000	
0.000000	1.000000	0.000000	
0.382353	0.617647	0.000000	
0.112360	0.887640	0.000000	
0.666667	0.333333	0.000000	0.000000	
0.345238	0.654762	0.000000	
1.000000	0.000000	0.000000	
0.942029	0.057971	0.000000	
0.000000	0.303030	0.030303	0.666667	0.000000	
0.696970	0.075758	0.227273	
0.300000	0.700000	0.000000	
0.094737	0.905263	0.000000	
0.238095	0.761905	0.000000	
0	0	
0.983516	0.016484	0.000000	
0.000000	1.000000	0.000000	
0	0	
0.014388	0.532374	0.453237	
0.167630	0.832370	0.000000	
0	0	0	
0.344828	0.655172	0.000000	
1.000000	0.000000	
0.361702	0.638298	0.000000	
0.422222	0.000000	0.577778	0.000000	
0.480315	0.519685	0.000000	
1.000000	0.000000	
1.000000	0.000000	0.000000	
0.086957	0.913043	0.000000	
0.360000	0.640000	0.000000	
0.693878	0.306122	0.000000	
0.464286	0.535714	0.000000	
0.189474	0.115789	0.694737	0.000000	
1
0	0	
0.250000	0.750000	0.000000	
1.000000	0.000000	0.000000	
1.000000	0.000000	
0	
0	
1
0.025253	0.974747	0.000000	
0	
0	
0	0	
0	
1.000000	0.000000	0.000000	
0	
0.400000	0.600000	0.000000	
1.000000	0.000000	
1.000000	0.000000	
0	
1.000000	0.000000	
0.000000	1.000000	0.000000	
1.000000	0.000000	
0.342747	0.657253	0.000000	
0.680000	0.320000	0.000000	
1
1.000000	0.000000	
0	
1.000000	0.000000	
1.000000	0.000000	
1.000000	0.000000	
0	
0	
0	
1.000000	0.000000	
1
1
1.000000	0.000000	0.000000	
0.000000	1.000000	0.000000	
0.812500	0.187500	0.000000	
0.076923	0.923077	
0.339286	0.410714	0.250000	0.000000	
0.181818	0.818182	
0.000000	1.000000	0.000000	
0.146341	0.853659	0.000000	
0.129032	0.838710	0.032258	0.000000	
0.000000	0.171674	0.828326	
0.700000	0.300000	0.000000	
1.000000	0.000000	
0.000000	1.000000	0.000000	
0.368421	0.631579	0.000000	
1.000000	0.000000	
1.000000	0.000000	0.000000	
0.333333	0.600000	0.066667	0.000000	
0.490196	0.509804	0.000000	0.000000	
0.224719	0.471910	0.280899	0.022472	
1.000000	0.000000	
1.000000	0.000000	
0.123967	0.206612	0.669421	0.000000	
0.052980	0.947020	
0.000000	1.000000	0.000000	
1.000000	0.000000	0.000000	
0	0	
0.250000	0.750000	0.000000	
1.000000	0.000000	
1.000000	0.000000	
1.000000	0.000000	
0.000000	1.000000	0.000000	
1
0.700000	0.300000	0.000000	
1.000000	0.000000	
0.290076	0.061069	0.473282	0.175573	0.000000	
1.000000	0.000000	
0.401786	0.526786	0.071429	0.000000	
0	0	
1.000000	0.000000	
0.761364	0.238636	0.000000	
0.877551	0.122449	0.000000	
